5     c(6,11,16,29)   (7,11,18,29)
13    (0,10,21,27)   c(0,12,27,36)  c(1,12,27,35)  c(1,12,27,36)
14    c(0,4,17,24)    (0,4,18,24)  (0,12,18,26)  (0,13,18,26)
22    c(8,19,28,35)   (8,19,28,36)  (8,19,28,32)
24    b(0,12,23,31)
28    c(6,23,25,35)
31    wrong(0,15,18,27)
37    (0,10,22,25)  (6,10,22,32)  (7,10,22,32)  (10,18,25,37)  (10,22,32,37)  (7,14,22,32)
40    (5,17,23,37)
44    (6,19,24,31) (6,19,23,31) (19,25,31,39)
46    (0,9,16,27)
70    (0,8,19,28)
71    (4,14,22,32)
157   (6,12,23,31)
