100
0 21 48 79 
464.234 -30.4944
466.898 -20.6911
470.872 -11.1387
475.819 -1.55526
481.424 7.53173
489 15.6926
496.186 24.3528
503.086 33.3185
509.642 42.5672
515.994 51.9697
521.718 61.7654
527.518 71.1399
536.436 65.3652
546.423 60.1096
557.657 59.6587
568.399 62.8942
577.644 69.2409
584.849 77.6012
590.937 86.7528
596.373 96.2669
602.797 104.935
604.766 115.104
608.336 108.06
609.775 98.9517
609.893 88.9575
610.346 78.8781
610.951 68.7598
612.685 58.8145
614.276 48.8143
615.914 38.8139
618.464 29.0095
621.871 19.4694
626.306 10.3708
632.013 2.01911
638.954 -5.34784
647.193 -10.1644
656.363 -11.6885
665.29 -11.9342
674.37 -7.97733
683.179 -3.00784
691.777 2.36323
699.972 8.25486
707.398 10.277
713.692 2.51381
720.276 -5.12699
727.703 -11.6425
735.603 -16.8823
742.976 -21.0014
750.363 -25.429
742.928 -30.9523
735.929 -37.2254
730.863 -45.5831
729.155 -55.4438
728.847 -65.4749
724.999 -73.1035
718.962 -72.6344
711.489 -67.7824
704.788 -60.9366
697.752 -53.8333
690.75 -47.0345
684.088 -39.6778
675.728 -35.7831
667.816 -32.9878
660.381 -30.8958
652.393 -30.9978
644.847 -37.9254
638.521 -46.0287
632.981 -54.6993
628.061 -63.7349
624.003 -73.1963
620.289 -82.7951
616.992 -92.5294
614.639 -102.535
612.743 -112.653
610.866 -122.738
608.73 -132.71
607.646 -142.816
608.487 -152.754
609.514 -162.261
609.831 -171.026
600.791 -167.917
589.937 -167.806
579.189 -168.431
568.677 -166.313
558.848 -162.288
549.783 -156.77
541.692 -149.82
534.365 -142.032
527.876 -133.385
520.827 -125.255
512.443 -118.639
503.311 -112.853
494.485 -106.524
486.674 -99.0093
480.62 -90.0708
476.636 -80.0334
474.523 -69.5175
472.609 -59.0763
468.813 -49.399
464.656 -39.8301
100
0 31 52 73 
318.636 110.038
318.319 118.803
317.292 128.31
316.451 138.248
317.535 148.354
319.671 158.326
321.548 168.411
323.444 178.529
325.797 188.535
329.094 198.269
332.808 207.868
336.866 217.329
341.786 226.365
347.326 235.035
353.652 243.139
361.198 250.066
369.186 250.168
376.621 248.076
384.533 245.281
392.893 241.386
399.555 234.029
406.557 227.231
413.593 220.127
420.294 213.282
427.767 208.43
433.804 207.96
437.652 215.589
437.96 225.62
439.668 235.481
444.734 243.839
451.733 250.112
459.169 255.635
459.591 246.299
463.748 236.731
467.544 227.053
469.457 216.612
471.571 206.096
475.555 196.059
481.609 187.12
489.42 179.606
498.246 173.276
507.378 167.491
515.762 160.874
522.811 152.744
529.3 144.097
536.627 136.31
544.718 129.36
553.783 123.842
563.612 119.816
574.124 117.699
584.872 118.324
595.726 118.213
604.766 115.103
602.797 104.935
596.373 96.2669
590.937 86.7528
584.849 77.6012
577.644 69.2409
568.399 62.8942
557.657 59.6587
546.423 60.1096
536.436 65.3652
527.518 71.1399
521.718 61.7654
515.994 51.9697
509.642 42.5672
503.086 33.3185
496.186 24.3528
489 15.6926
481.424 7.53173
475.819 -1.55526
470.872 -11.1387
466.898 -20.6911
464.233 -30.4945
456.846 -26.0668
449.473 -21.9478
441.573 -16.708
434.146 -10.1925
427.562 -2.55169
421.268 5.21152
413.842 3.18936
405.647 -2.70227
397.049 -8.07334
388.24 -13.0428
379.16 -16.9997
370.233 -16.754
361.063 -15.2299
352.824 -10.4133
345.883 -3.04639
340.176 5.30526
335.741 14.4039
332.334 23.944
329.784 33.7484
328.146 43.7488
326.555 53.749
324.821 63.6943
324.216 73.8126
323.763 83.892
323.645 93.8862
322.206 102.994
